Year	NDJ
1950	-0.8
1951	0.8
1952	0.1
1953	0.8
1954	-0.7
1955	-1.5
1956	-0.4
1957	1.7
1958	0.6
1959	0
1960	0.1
1961	-0.2
1962	-0.4
1963	1.3
1964	-0.8
1965	1.7
1966	-0.3
1967	-0.4
1968	1
1969	0.6
1970	-1.1
1971	-0.9
1972	2.1
1973	-2
1974	-0.6
1975	-1.7
1976	0.8
1977	0.8
1978	0
1979	0.6
1980	0
1981	-0.1
1982	2.2
1983	-0.9
1984	-1.1
1985	-0.4
1986	1.2
1987	1.1
1988	-1.8
1989	-0.1
1990	0.4
1991	1.5
1992	-0.1
1993	0.1
1994	1.1
1995	-1
1996	-0.5
1997	2.4
1998	-1.6
1999	-1.7
2000	-0.7
2001	-0.3
2002	1.1
2003	0.4
2004	0.7
2005	-0.8
2006	0.9
2007	-1.6
2008	-0.7
2009	1.6
2010	-1.6
2011	-1
2012	-0.2
2013	-0.3
2014	0.7
2015	2.6
2016	-0.6
2017	-1
2018	0.8
2019	0.5
2020	-1.2
2021	-1
